               -105.2349469680
          0.000000076       0.000000009      -0.000000037
          0.000000009      -0.000000106       0.000000095
         -0.000000037       0.000000095      -0.000000109
           8
  1    15       0.000023794       0.000008542      -0.000022057  P
  1    15       0.000005647       0.000008409      -0.000028224  P
  1    15      -0.000005989       0.000024169       0.000010447  P
  1    15       0.000002950      -0.000027180      -0.000000712  P
  1    15      -0.000004334      -0.000001322      -0.000033589  P
  1    15       0.000032324       0.000020396       0.000011758  P
  1    15      -0.000020774      -0.000001037       0.000010523  P
  1    15       0.000006050      -0.000023927      -0.000010152  P
