    12
     1   -0.125365    0.072381   -0.000000       0.062500
     2    0.000000    0.000000    0.000000       0.062500
     3    0.125365   -0.072381    0.000000       0.062500
     4    0.250730   -0.144761    0.000001       0.062500
     5   -0.125366    0.217140   -0.000002       0.125000
     6   -0.000001    0.144760   -0.000001       0.125000
     7    0.125364    0.072379   -0.000001       0.125000
     8    0.250730   -0.000002   -0.000000       0.125000
     9   -0.125367    0.361900   -0.000003       0.062500
    10   -0.000002    0.289519   -0.000002       0.062500
    11    0.125363    0.217139   -0.000002       0.062500
    12    0.250729    0.144758   -0.000001       0.062500
