                -94.6046057842
         -0.000000086      -0.000000040       0.000000011
         -0.000000040      -0.000000069       0.000000006
          0.000000011       0.000000006      -0.000000044
           8
  2    32       0.000016502       0.000003831       0.000054153  Ge
  1    15      -0.000007002      -0.000022914      -0.000051217  P
  1    15      -0.000032517      -0.000001039       0.000002999  P
  1    15      -0.000010938       0.000070594       0.000014387  P
  1    15      -0.000004494       0.000051025      -0.000021955  P
  1    15       0.000063760      -0.000067045       0.000037532  P
  1    15      -0.000049017      -0.000020037       0.000001195  P
  2    32       0.000008293      -0.000010828       0.000007752  Ge
