    12
     1   -0.118781    0.067683   -0.000120       0.062500
     2    0.000000    0.000000    0.000000       0.062500
     3    0.118781   -0.067683    0.000120       0.062500
     4    0.237562   -0.135365    0.000239       0.062500
     5   -0.119555    0.204387   -0.000129       0.125000
     6   -0.000774    0.136704   -0.000009       0.125000
     7    0.118006    0.069022    0.000111       0.125000
     8    0.236787    0.001339    0.000230       0.125000
     9   -0.120330    0.341091   -0.000138       0.062500
    10   -0.001549    0.273409   -0.000018       0.062500
    11    0.117232    0.205726    0.000101       0.062500
    12    0.236013    0.138044    0.000221       0.062500
