                -62.8409292435
         -0.000000155       0.000000086       0.000000051
          0.000000086       0.000000171      -0.000000053
          0.000000051      -0.000000053       0.000000025
           8
  1    32       0.000047741      -0.000002040       0.000005105  Ge
  1    32      -0.000041878       0.000014533       0.000018453  Ge
  1    32       0.000025971      -0.000029618      -0.000023179  Ge
  1    32       0.000024093       0.000018947       0.000005942  Ge
  1    32       0.000018987      -0.000033299      -0.000008700  Ge
  1    32       0.000021404       0.000049427       0.000020350  Ge
  1    32       0.000033450      -0.000013083      -0.000020835  Ge
  1    32      -0.000019208      -0.000002684       0.000015385  Ge
