    12
     1   -0.102374    0.059109   -0.000126       0.062500
     2    0.000000    0.000000    0.000000       0.062500
     3    0.102374   -0.059109    0.000126       0.062500
     4    0.204748   -0.118219    0.000253       0.062500
     5   -0.102374    0.177323   -0.000217       0.125000
     6    0.000000    0.118213   -0.000091       0.125000
     7    0.102374    0.059104    0.000036       0.125000
     8    0.204748   -0.000006    0.000162       0.125000
     9   -0.102374    0.295536   -0.000308       0.062500
    10    0.000000    0.236426   -0.000181       0.062500
    11    0.102374    0.177317   -0.000055       0.062500
    12    0.204748    0.118208    0.000071       0.062500
